<?xml version="1.0" encoding="utf-8"?>
<COLLADA xmlns="http://www.collada.org/2005/11/COLLADASchema" version="1.4.1">
  <asset>
    <contributor>
      <author>Mixamo</author>
      <authoring_tool>COLLADA Mixamo exporter</authoring_tool>
      <comments/>
    </contributor>
    <created>2022-04-05T22:41:59Z</created>
    <modified>2022-04-05T22:41:59Z</modified>
    <revision/>
    <title/>
    <unit meter="0.010000"/>
    <up_axis>Y_UP</up_axis>
  </asset>
  <library_animations>
    <animation id="Hips-anim" name="Hips">
      <source id="Hips-Matrix-animation-input">
        <float_array id="Hips-Matrix-animation-input-array" count="72">

0.000000 0.033333 0.066667 0.100000 0.133333 0.166667 0.200000 0.233333 0.266667 0.300000 0.333333 0.366667 0.400000 0.433333 0.466667 0.500000
0.533333 0.566667 0.600000 0.633333 0.666667 0.700000 0.733333 0.766667 0.800000 0.833333 0.866667 0.900000 0.933333 0.966667 1.000000 1.033333
1.066667 1.100000 1.133333 1.166667 1.200000 1.233333 1.266667 1.300000 1.333333 1.366667 1.400000 1.433333 1.466667 1.500000 1.533333 1.566667
1.600000 1.633333 1.666667 1.700000 1.733333 1.766667 1.800000 1.833333 1.866667 1.900000 1.933333 1.966667 2.000000 2.033333 2.066667 2.100000
2.133333 2.166667 2.200000 2.233333 2.266667 2.300000 2.333333 2.366667</float_array>
        <technique_common>
          <accessor source="#Hips-Matrix-animation-input-array" count="72">
            <param name="TIME" type="float"/>
          </accessor>
        </technique_common>
      </source>
      <source id="Hips-Matrix-animation-output-transform">
        <float_array id="Hips-Matrix-animation-output-transform-array" count="1152">

0.833876 -0.013081 -0.551797 -0.486577 -0.006254 0.999431 -0.033144 113.114967 0.551917 0.031089 0.833319 0.846767 0.000000 0.000000 0.000000 1.000000
0.838924 -0.013873 -0.544072 0.187239 -0.012131 0.998950 -0.044177 112.800262 0.544114 0.043661 0.837875 1.399082 0.000000 0.000000 0.000000 1.000000
0.853725 -0.016127 -0.520474 1.096192 -0.017761 0.998037 -0.060058 112.426605 0.520421 0.060517 0.851763 1.843737 0.000000 0.000000 0.000000 1.000000
0.874694 -0.022305 -0.484161 2.113779 -0.019828 0.996458 -0.081726 111.977837 0.484269 0.081085 0.871154 2.266425 0.000000 0.000000 0.000000 1.000000
0.900166 -0.028482 -0.434614 3.281411 -0.017360 0.994720 -0.101144 111.503662 0.435200 0.098591 0.894919 2.667983 0.000000 0.000000 0.000000 1.000000
0.930430 -0.032614 -0.365016 4.503711 -0.012598 0.992597 -0.120801 111.075630 0.366254 0.116995 0.923131 2.997363 0.000000 0.000000 0.000000 1.000000
0.957063 -0.033407 -0.287949 5.716278 -0.007724 0.990046 -0.140534 110.676041 0.289777 0.136724 0.947278 3.256932 0.000000 0.000000 0.000000 1.000000
0.979871 -0.034745 -0.196587 6.824573 0.001859 0.986283 -0.165052 110.242867 0.199625 0.161364 0.966494 3.441033 0.000000 0.000000 0.000000 1.000000
0.993767 -0.034512 -0.106000 7.590834 0.014486 0.982787 -0.184171 109.712891 0.110532 0.181488 0.977162 3.488857 0.000000 0.000000 0.000000 1.000000
0.999375 -0.034381 -0.008198 8.159602 0.031925 0.977593 -0.208071 109.084335 0.015168 0.207680 0.978079 3.954007 0.000000 0.000000 0.000000 1.000000
0.995363 -0.033421 0.090195 8.629851 0.051439 0.977298 -0.205532 108.087761 -0.081278 0.209218 0.974485 4.545033 0.000000 0.000000 0.000000 1.000000
0.984578 -0.031331 0.172117 8.928529 0.066557 0.976935 -0.202897 107.261345 -0.161791 0.211224 0.963955 5.192535 0.000000 0.000000 0.000000 1.000000
0.975282 -0.021351 0.219928 9.016947 0.071291 0.972497 -0.221735 106.423477 -0.209145 0.231933 0.949982 6.052514 0.000000 0.000000 0.000000 1.000000
0.963796 -0.003297 0.266621 8.934711 0.061525 0.975691 -0.210338 105.907356 -0.259446 0.219127 0.940570 7.511506 0.000000 0.000000 0.000000 1.000000
0.942280 0.019166 0.334278 8.316759 0.048932 0.979759 -0.194107 105.668343 -0.331232 0.199259 0.922269 10.094468 0.000000 0.000000 0.000000 1.000000
0.909136 0.042379 0.414337 7.485734 0.036182 0.983013 -0.179935 105.822166 -0.414924 0.178577 0.892159 13.060146 0.000000 0.000000 0.000000 1.000000
0.871333 0.055402 0.487555 6.449652 0.029160 0.986003 -0.164156 106.118523 -0.489826 0.157252 0.857521 16.445360 0.000000 0.000000 0.000000 1.000000
0.831977 0.062052 0.551329 5.355147 0.027758 0.987826 -0.153067 106.375565 -0.554115 0.142652 0.820126 20.077234 0.000000 0.000000 0.000000 1.000000
0.785481 0.067518 0.615192 4.248734 0.031281 0.988429 -0.148421 106.538345 -0.618095 0.135826 0.774280 23.923370 0.000000 0.000000 0.000000 1.000000
0.731976 0.071155 0.677605 3.140935 0.037143 0.988885 -0.143965 106.695869 -0.680317 0.130547 0.721197 28.129751 0.000000 0.000000 0.000000 1.000000
0.675111 0.074043 0.733991 2.173395 0.042774 0.989348 -0.139145 106.914474 -0.736475 0.125334 0.664752 32.405598 0.000000 0.000000 0.000000 1.000000
0.618327 0.076578 0.782181 1.415673 0.052097 0.989059 -0.138015 107.008293 -0.784192 0.126088 0.607573 36.541321 0.000000 0.000000 0.000000 1.000000
0.559663 0.077932 0.825048 0.942002 0.057031 0.989586 -0.132160 106.825691 -0.826755 0.121018 0.549391 40.627480 0.000000 0.000000 0.000000 1.000000
0.493412 0.074907 0.866564 0.660043 0.062015 0.990720 -0.120950 106.531044 -0.867582 0.113418 0.484188 44.575878 0.000000 0.000000 0.000000 1.000000
0.428467 0.066134 0.901134 0.666692 0.069658 0.991932 -0.105918 106.005035 -0.900868 0.108153 0.420403 47.371239 0.000000 0.000000 0.000000 1.000000
0.381830 0.064656 0.921968 1.026298 0.064725 0.993230 -0.096459 105.462067 -0.921964 0.096505 0.375060 49.105953 0.000000 0.000000 0.000000 1.000000
0.342931 0.066323 0.937016 1.487815 0.055023 0.994373 -0.090521 105.055008 -0.937748 0.082600 0.337352 50.614292 0.000000 0.000000 0.000000 1.000000
0.311350 0.068179 0.947846 1.901734 0.049773 0.994884 -0.087912 104.777138 -0.948991 0.074549 0.306364 52.174259 0.000000 0.000000 0.000000 1.000000
0.289911 0.070599 0.954446 2.188373 0.058170 0.994132 -0.091204 104.660156 -0.955284 0.081961 0.284103 53.754799 0.000000 0.000000 0.000000 1.000000
0.261565 0.072461 0.962462 2.569148 0.075119 0.992625 -0.095147 104.695877 -0.962258 0.097187 0.254193 54.736729 0.000000 0.000000 0.000000 1.000000
0.231564 0.072518 0.970113 2.869697 0.088321 0.991532 -0.095201 104.827690 -0.968802 0.107726 0.223198 55.282013 0.000000 0.000000 0.000000 1.000000
0.200679 0.070350 0.977128 3.098606 0.096725 0.991122 -0.091223 105.007767 -0.974870 0.112820 0.192092 55.636600 0.000000 0.000000 0.000000 1.000000
0.170193 0.067223 0.983115 3.293551 0.102998 0.990992 -0.085592 105.261337 -0.980013 0.115826 0.161736 55.907608 0.000000 0.000000 0.000000 1.000000
0.143619 0.063498 0.987594 3.456749 0.108031 0.990970 -0.079425 105.579239 -0.983719 0.118098 0.135463 56.113426 0.000000 0.000000 0.000000 1.000000
0.124514 0.059601 0.990426 3.590602 0.112835 0.990868 -0.073813 105.942177 -0.985781 0.120946 0.116652 56.272686 0.000000 0.000000 0.000000 1.000000
0.123514 0.055497 0.990790 3.664288 0.117999 0.990530 -0.070193 106.352127 -0.985302 0.125582 0.115796 56.341412 0.000000 0.000000 0.000000 1.000000
0.146250 0.053440 0.987803 3.664563 0.120839 0.990097 -0.071455 106.805252 -0.981839 0.129816 0.138344 56.297634 0.000000 0.000000 0.000000 1.000000
0.189476 0.055701 0.980304 3.605427 0.119347 0.989681 -0.079301 107.274971 -0.974605 0.132022 0.180873 56.184414 0.000000 0.000000 0.000000 1.000000
0.241036 0.059691 0.968679 3.489533 0.115477 0.989252 -0.089693 107.743813 -0.963622 0.133480 0.231553 56.060268 0.000000 0.000000 0.000000 1.000000
0.300805 0.065040 0.951465 3.313615 0.109641 0.988698 -0.102248 108.184341 -0.947362 0.135076 0.290274 55.932053 0.000000 0.000000 0.000000 1.000000
0.373786 0.069931 0.924875 3.138375 0.103689 0.987753 -0.116590 108.547714 -0.921701 0.139479 0.361957 55.768604 0.000000 0.000000 0.000000 1.000000
0.454343 0.071328 0.887967 3.016841 0.097631 0.986798 -0.129221 108.891136 -0.885461 0.145404 0.441381 55.658123 0.000000 0.000000 0.000000 1.000000
0.538696 0.071812 0.839434 2.970507 0.091940 0.985400 -0.143300 109.232773 -0.837469 0.154372 0.524228 55.566410 0.000000 0.000000 0.000000 1.000000
0.620999 0.071158 0.780575 2.954925 0.085151 0.983852 -0.157432 109.560188 -0.779172 0.164232 0.604912 55.490501 0.000000 0.000000 0.000000 1.000000
0.698362 0.068184 0.712490 2.951364 0.077837 0.982313 -0.170300 109.870178 -0.711500 0.174390 0.680703 55.525650 0.000000 0.000000 0.000000 1.000000
0.768367 0.061784 0.637021 2.943450 0.070916 0.980982 -0.180682 110.144753 -0.636069 0.184005 0.749372 55.770313 0.000000 0.000000 0.000000 1.000000
0.829638 0.052016 0.555873 3.013584 0.063808 0.980292 -0.186964 110.011536 -0.554643 0.190581 0.809969 56.311821 0.000000 0.000000 0.000000 1.000000
0.885223 0.040983 0.463358 3.082340 0.052197 0.981069 -0.186493 109.485397 -0.462229 0.189273 0.866326 57.541191 0.000000 0.000000 0.000000 1.000000
0.928031 0.033420 0.371001 2.934070 0.036692 0.982923 -0.180324 109.019753 -0.370692 0.180959 0.910956 59.281193 0.000000 0.000000 0.000000 1.000000
0.960336 0.024402 0.277774 2.512025 0.023944 0.985268 -0.169334 108.658760 -0.277814 0.169268 0.945604 61.510418 0.000000 0.000000 0.000000 1.000000
0.979937 0.015728 0.198686 2.142216 0.013474 0.989373 -0.144776 108.307648 -0.198852 0.144548 0.969311 63.814640 0.000000 0.000000 0.000000 1.000000
0.990778 0.007110 0.135310 1.846233 0.009480 0.992538 -0.121566 107.927643 -0.135165 0.121728 0.983317 65.940666 0.000000 0.000000 0.000000 1.000000
0.999015 -0.001258 0.044366 1.949761 0.005464 0.995481 -0.094803 107.551559 -0.044046 0.094952 0.994507 68.298050 0.000000 0.000000 0.000000 1.000000
0.998505 -0.010393 -0.053660 2.197463 0.006534 0.997413 -0.071590 107.470520 0.054265 0.071133 0.995990 71.140198 0.000000 0.000000 0.000000 1.000000
0.990364 -0.015816 -0.137584 2.591355 0.007905 0.998294 -0.057855 108.042046 0.138264 0.056210 0.988799 74.564529 0.000000 0.000000 0.000000 1.000000
0.979139 -0.022870 -0.201899 3.043533 0.013861 0.998849 -0.045924 108.502777 0.202717 0.042168 0.978329 78.377792 0.000000 0.000000 0.000000 1.000000
0.965442 -0.032308 -0.258609 3.495644 0.024137 0.999106 -0.034711 108.928619 0.259499 0.027269 0.965358 82.426476 0.000000 0.000000 0.000000 1.000000
0.954064 -0.035749 -0.297461 3.837881 0.029341 0.999232 -0.025981 109.561394 0.298161 0.016060 0.954380 86.561806 0.000000 0.000000 0.000000 1.000000
0.941602 -0.035834 -0.334816 4.197145 0.030853 0.999320 -0.020185 110.083473 0.335312 0.008676 0.942067 90.956749 0.000000 0.000000 0.000000 1.000000
0.927510 -0.030089 -0.372585 4.513064 0.026453 0.999539 -0.014868 110.432838 0.372861 0.003934 0.927879 95.388748 0.000000 0.000000 0.000000 1.000000
0.908555 -0.021869 -0.417192 4.791880 0.020268 0.999760 -0.008267 110.602371 0.417273 -0.000945 0.908781 99.633255 0.000000 0.000000 0.000000 1.000000
0.875347 -0.009734 -0.483398 5.081842 0.012448 0.999920 0.002405 110.119965 0.483336 -0.008122 0.875397 103.848709 0.000000 0.000000 0.000000 1.000000
0.836785 0.002050 -0.547528 5.165391 0.004790 0.999927 0.011064 110.349487 0.547511 -0.011881 0.836714 107.277122 0.000000 0.000000 0.000000 1.000000
0.805539 0.009510 -0.592467 4.929590 -0.004052 0.999936 0.010541 110.697037 0.592529 -0.006091 0.805526 109.920975 0.000000 0.000000 0.000000 1.000000
0.785452 0.010686 -0.618831 4.499974 -0.002530 0.999898 0.014054 110.841095 0.618918 -0.009473 0.785399 112.282677 0.000000 0.000000 0.000000 1.000000
0.776391 0.005151 -0.630230 3.928076 0.001690 0.999946 0.010255 111.106781 0.630249 -0.009027 0.776340 114.005043 0.000000 0.000000 0.000000 1.000000
0.775081 -0.001669 -0.631860 3.108906 0.003294 0.999994 0.001399 111.544754 0.631854 -0.003165 0.775081 114.960701 0.000000 0.000000 0.000000 1.000000
0.772735 -0.010061 -0.634649 2.130482 0.007754 0.999949 -0.006412 111.916626 0.634682 0.000033 0.772774 115.497017 0.000000 0.000000 0.000000 1.000000
0.773605 -0.014748 -0.633496 1.202294 0.010741 0.999891 -0.010161 112.229538 0.633577 0.001056 0.773679 115.745613 0.000000 0.000000 0.000000 1.000000
0.781525 -0.015896 -0.623671 0.504933 0.009211 0.999860 -0.013942 112.464928 0.623806 0.005152 0.781562 115.739433 0.000000 0.000000 0.000000 1.000000
0.797941 -0.014358 -0.602564 0.062709 0.002776 0.999793 -0.020148 112.756889 0.602729 0.014404 0.797816 115.422127 0.000000 0.000000 0.000000 1.000000
0.821099 -0.012877 -0.570641 -0.248116 -0.004466 0.999570 -0.028982 113.031235 0.570769 0.026345 0.820688 114.768417 0.000000 0.000000 0.000000 1.000000</float_array>
        <technique_common>
          <accessor source="#Hips-Matrix-animation-output-transform-array" count="72" stride="16">
            <param type="float4x4"/>
          </accessor>
        </technique_common>
      </source>
      <source id="Hips-Interpolations">
        <Name_array id="Hips-Interpolations-array" count="72">
 LINEAR LINEAR LINEAR LINEAR LINEAR LINEAR LINEAR LINEAR LINEAR LINEAR LINEAR
LINEAR LINEAR LINEAR LINEAR LINEAR LINEAR LINEAR LINEAR LINEAR LINEAR LINEAR LINEAR
LINEAR LINEAR LINEAR LINEAR LINEAR LINEAR LINEAR LINEAR LINEAR LINEAR LINEAR LINEAR
LINEAR LINEAR LINEAR LINEAR LINEAR LINEAR LINEAR LINEAR LINEAR LINEAR LINEAR LINEAR
LINEAR LINEAR LINEAR LINEAR LINEAR LINEAR LINEAR LINEAR LINEAR LINEAR LINEAR LINEAR
LINEAR LINEAR LINEAR LINEAR LINEAR LINEAR LINEAR LINEAR LINEAR LINEAR LINEAR LINEAR
LINEAR</Name_array>
        <technique_common>
          <accessor source="#Hips-Interpolations-array" count="72">
            <param type="name"/>
          </accessor>
        </technique_common>
      </source>
      <sampler id="Hips-Matrix-animation-transform">
        <input semantic="INPUT" source="#Hips-Matrix-animation-input"/>
        <input semantic="OUTPUT" source="#Hips-Matrix-animation-output-transform"/>
        <input semantic="INTERPOLATION" source="#Hips-Interpolations"/>
      </sampler>
      <channel source="#Hips-Matrix-animation-transform" target="Hips/matrix"/>
    </animation>
    <animation id="Spine-anim" name="Spine">
      <source id="Spine-Matrix-animation-input">
        <float_array id="Spine-Matrix-animation-input-array" count="72">

0.000000 0.033333 0.066667 0.100000 0.133333 0.166667 0.200000 0.233333 0.266667 0.300000 0.333333 0.366667 0.400000 0.433333 0.466667 0.500000
0.533333 0.566667 0.600000 0.633333 0.666667 0.700000 0.733333 0.766667 0.800000 0.833333 0.866667 0.900000 0.933333 0.966667 1.000000 1.033333
1.066667 1.100000 1.133333 1.166667 1.200000 1.233333 1.266667 1.300000 1.333333 1.366667 1.400000 1.433333 1.466667 1.500000 1.533333 1.566667
1.600000 1.633333 1.666667 1.700000 1.733333 1.766667 1.800000 1.833333 1.866667 1.900000 1.933333 1.966667 2.000000 2.033333 2.066667 2.100000
2.133333 2.166667 2.200000 2.233333 2.266667 2.300000 2.333333 2.366667</float_array>
        <technique_common>
          <accessor source="#Spine-Matrix-animation-input-array" count="72">
            <param name="TIME" type="float"/>
          </accessor>
        </technique_common>
      </source>
      <source id="Spine-Matrix-animation-output-transform">
        <float_array id="Spine-Matrix-animation-output-transform-array" count="1152">

0.887185 -0.048922 -0.458814 0.000400 0.007283 0.995724 -0.092087 10.717500 0.461357 0.078357 0.883747 -0.931100 0.000000 0.000000 0.000000 1.000000
0.885533 -0.048650 -0.462021 0.000400 0.003524 0.995177 -0.098036 10.717500 0.464562 0.085186 0.881434 -0.931100 0.000000 0.000000 0.000000 1.000000
0.883329 -0.050909 -0.465980 0.000400 0.002687 0.994619 -0.103568 10.717500 0.468745 0.090233 0.878713 -0.931100 0.000000 0.000000 0.000000 1.000000
0.882218 -0.052779 -0.467875 0.000400 0.002558 0.994220 -0.107331 10.717500 0.470835 0.093492 0.877253 -0.931100 0.000000 0.000000 0.000000 1.000000
0.885605 -0.051829 -0.461538 0.000400 -0.000597 0.993626 -0.112726 10.717500 0.464439 0.100106 0.879929 -0.931100 0.000000 0.000000 0.000000 1.000000
0.891957 -0.050581 -0.449282 0.000400 -0.004541 0.992670 -0.120772 10.717500 0.452098 0.109764 0.885189 -0.931100 0.000000 0.000000 0.000000 1.000000
0.900794 -0.048566 -0.431522 0.000400 -0.007556 0.991823 -0.127398 10.717500 0.434181 0.118020 0.893061 -0.931100 0.000000 0.000000 0.000000 1.000000
0.912925 -0.040479 -0.406115 0.000400 -0.014273 0.991294 -0.130891 10.717500 0.407877 0.125290 0.904400 -0.931100 0.000000 0.000000 0.000000 1.000000
0.927575 -0.024030 -0.372863 0.000400 -0.026561 0.991164 -0.129954 10.717500 0.372691 0.130446 0.918741 -0.931100 0.000000 0.000000 0.000000 1.000000
0.941386 -0.003929 -0.337309 0.000400 -0.040487 0.991388 -0.124540 10.717500 0.334893 0.130897 0.933120 -0.931100 0.000000 0.000000 0.000000 1.000000
0.955360 0.024765 -0.294404 0.000400 -0.066528 0.988921 -0.132700 10.717500 0.287856 0.146363 0.946423 -0.931100 0.000000 0.000000 0.000000 1.000000
0.969688 0.075684 -0.232328 0.000400 -0.109826 0.984364 -0.137717 10.717500 0.218273 0.159059 0.962838 -0.931100 0.000000 0.000000 0.000000 1.000000
0.978626 0.138014 -0.152455 0.000400 -0.158346 0.978733 -0.130416 10.717500 0.131213 0.151769 0.979668 -0.931100 0.000000 0.000000 0.000000 1.000000
0.981513 0.174769 -0.078028 0.000400 -0.184384 0.972749 -0.140576 10.717500 0.051334 0.152364 0.986990 -0.931100 0.000000 0.000000 0.000000 1.000000
0.982460 0.184014 -0.030172 0.000400 -0.186470 0.970001 -0.155968 10.717500 0.000567 0.158858 0.987301 -0.931100 0.000000 0.000000 0.000000 1.000000
0.982846 0.184401 0.003205 0.000400 -0.181219 0.968822 -0.168950 10.717500 -0.034259 0.165472 0.985619 -0.931100 0.000000 0.000000 0.000000 1.000000
0.981386 0.189633 0.030361 0.000400 -0.180542 0.964887 -0.190782 10.717500 -0.065473 0.181749 0.981163 -0.931100 0.000000 0.000000 0.000000 1.000000
0.979745 0.191081 0.059906 0.000400 -0.175166 0.962739 -0.206033 10.717500 -0.097043 0.191366 0.976710 -0.931100 0.000000 0.000000 0.000000 1.000000
0.977379 0.188974 0.094964 0.000400 -0.165628 0.963143 -0.211950 10.717500 -0.131517 0.191427 0.972656 -0.931100 0.000000 0.000000 0.000000 1.000000
0.973223 0.185794 0.135342 0.000400 -0.153735 0.963842 -0.217658 10.717500 -0.170888 0.191023 0.966596 -0.931100 0.000000 0.000000 0.000000 1.000000
0.968765 0.179298 0.171309 0.000400 -0.139717 0.965377 -0.220287 10.717500 -0.204875 0.189472 0.960274 -0.931100 0.000000 0.000000 0.000000 1.000000
0.963993 0.172560 0.202337 0.000400 -0.127707 0.967796 -0.216936 10.717500 -0.233255 0.183285 0.954986 -0.931100 0.000000 0.000000 0.000000 1.000000
0.960144 0.164019 0.226322 0.000400 -0.115702 0.970319 -0.212353 10.717500 -0.254434 0.177703 0.950623 -0.931100 0.000000 0.000000 0.000000 1.000000
0.957004 0.160842 0.241398 0.000400 -0.109960 0.971238 -0.211201 10.717500 -0.268425 0.175576 0.947165 -0.931100 0.000000 0.000000 0.000000 1.000000
0.952477 0.158873 0.259897 0.000400 -0.103109 0.971003 -0.215689 10.717500 -0.286628 0.178641 0.941239 -0.931100 0.000000 0.000000 0.000000 1.000000
0.949144 0.143463 0.280256 0.000400 -0.084155 0.973365 -0.213257 10.717500 -0.303386 0.178827 0.935937 -0.931100 0.000000 0.000000 0.000000 1.000000
0.945659 0.122513 0.301196 0.000400 -0.061904 0.977195 -0.203121 10.717500 -0.319212 0.173438 0.931678 -0.931100 0.000000 0.000000 0.000000 1.000000
0.939742 0.110134 0.323658 0.000400 -0.046808 0.979225 -0.197303 10.717500 -0.338664 0.170264 0.925374 -0.931100 0.000000 0.000000 0.000000 1.000000
0.932621 0.111272 0.343273 0.000400 -0.045206 0.979803 -0.194787 10.717500 -0.358014 0.166144 0.918816 -0.931100 0.000000 0.000000 0.000000 1.000000
0.928031 0.115114 0.354270 0.000400 -0.049837 0.980872 -0.188167 10.717500 -0.369154 0.156969 0.916016 -0.931100 0.000000 0.000000 0.000000 1.000000
0.927453 0.114587 0.355950 0.000400 -0.051066 0.981786 -0.182999 10.717500 -0.370436 0.151546 0.916412 -0.931100 0.000000 0.000000 0.000000 1.000000
0.929140 0.110140 0.352943 0.000400 -0.047992 0.982451 -0.180242 10.717500 -0.366601 0.150532 0.918120 -0.931100 0.000000 0.000000 0.000000 1.000000
0.931438 0.104244 0.348650 0.000400 -0.043496 0.983115 -0.177745 10.717500 -0.361291 0.150393 0.920245 -0.931100 0.000000 0.000000 0.000000 1.000000
0.933894 0.098407 0.343740 0.000400 -0.038781 0.983587 -0.176220 10.717500 -0.355440 0.151240 0.922382 -0.931100 0.000000 0.000000 0.000000 1.000000
0.935983 0.094220 0.339203 0.000400 -0.035191 0.983735 -0.176145 10.717500 -0.350283 0.152932 0.924075 -0.931100 0.000000 0.000000 0.000000 1.000000
0.936984 0.094632 0.336313 0.000400 -0.034983 0.983193 -0.179188 10.717500 -0.347617 0.156131 0.924546 -0.931100 0.000000 0.000000 0.000000 1.000000
0.936457 0.099392 0.336407 0.000400 -0.038118 0.982173 -0.184075 10.717500 -0.348705 0.159555 0.923551 -0.931100 0.000000 0.000000 0.000000 1.000000
0.934748 0.106024 0.339123 0.000400 -0.042948 0.981159 -0.188369 10.717500 -0.352705 0.161513 0.921690 -0.931100 0.000000 0.000000 0.000000 1.000000
0.932387 0.113547 0.343164 0.000400 -0.048846 0.980251 -0.191630 10.717500 -0.358146 0.161911 0.919519 -0.931100 0.000000 0.000000 0.000000 1.000000
0.931880 0.120205 0.342273 0.000400 -0.055498 0.979639 -0.192946 10.717500 -0.358497 0.160807 0.919577 -0.931100 0.000000 0.000000 0.000000 1.000000
0.934155 0.125598 0.334034 0.000400 -0.062201 0.978997 -0.194156 10.717500 -0.351404 0.160594 0.922347 -0.931100 0.000000 0.000000 0.000000 1.000000
0.939150 0.127086 0.319133 0.000400 -0.066183 0.978581 -0.194931 10.717500 -0.337071 0.161949 0.927446 -0.931100 0.000000 0.000000 0.000000 1.000000
0.943606 0.126894 0.305787 0.000400 -0.068537 0.978494 -0.194558 10.717500 -0.323899 0.162628 0.932010 -0.931100 0.000000 0.000000 0.000000 1.000000
0.946041 0.127449 0.297930 0.000400 -0.071120 0.978654 -0.192817 10.717500 -0.316145 0.161224 0.934911 -0.931100 0.000000 0.000000 0.000000 1.000000
0.950574 0.127118 0.283284 0.000400 -0.074090 0.978862 -0.190633 10.717500 -0.301529 0.160222 0.939899 -0.931100 0.000000 0.000000 0.000000 1.000000
0.958341 0.120331 0.259042 0.000400 -0.073072 0.980034 -0.184916 10.717500 -0.276121 0.158284 0.948000 -0.931100 0.000000 0.000000 0.000000 1.000000
0.966703 0.107070 0.232424 0.000400 -0.066768 0.982333 -0.174824 10.717500 -0.247036 0.153484 0.956774 -0.931100 0.000000 0.000000 0.000000 1.000000
0.973773 0.091105 0.208485 0.000400 -0.055579 0.983820 -0.170323 10.717500 -0.220629 0.154268 0.963081 -0.931100 0.000000 0.000000 0.000000 1.000000
0.981720 0.068432 0.177601 0.000400 -0.039116 0.985750 -0.163603 10.717500 -0.186266 0.153666 0.970408 -0.931100 0.000000 0.000000 0.000000 1.000000
0.990536 0.038492 0.131744 0.000400 -0.017460 0.987410 -0.157214 10.717500 -0.136137 0.153426 0.978738 -0.931100 0.000000 0.000000 0.000000 1.000000
0.996976 0.002989 0.077648 0.000400 0.009807 0.986431 -0.163885 10.717500 -0.077084 0.164151 0.983419 -0.931100 0.000000 0.000000 0.000000 1.000000
0.999233 -0.025930 0.029342 0.000400 0.030783 0.983305 -0.179341 10.717500 -0.024202 0.180106 0.983349 -0.931100 0.000000 0.000000 0.000000 1.000000
0.999262 -0.037995 -0.005688 0.000400 0.036113 0.979463 -0.198365 10.717500 0.013108 0.198013 0.980112 -0.931100 0.000000 0.000000 0.000000 1.000000
0.998410 -0.044077 -0.035151 0.000400 0.035843 0.977532 -0.207716 10.717500 0.043517 0.206126 0.977557 -0.931100 0.000000 0.000000 0.000000 1.000000
0.996554 -0.052170 -0.064485 0.000400 0.037920 0.977985 -0.205200 10.717500 0.073771 0.202048 0.976593 -0.931100 0.000000 0.000000 0.000000 1.000000
0.993636 -0.053705 -0.099008 0.000400 0.032721 0.978733 -0.202512 10.717500 0.107779 0.197984 0.974262 -0.931100 0.000000 0.000000 0.000000 1.000000
0.988633 -0.050085 -0.141760 0.000400 0.020820 0.979405 -0.200831 10.717500 0.148899 0.195596 0.969315 -0.931100 0.000000 0.000000 0.000000 1.000000
0.980727 -0.049356 -0.189047 0.000400 0.011393 0.980368 -0.196848 10.717500 0.195051 0.190900 0.962035 -0.931100 0.000000 0.000000 0.000000 1.000000
0.970044 -0.053752 -0.236909 0.000400 0.008568 0.982176 -0.187766 10.717500 0.242779 0.180112 0.953215 -0.931100 0.000000 0.000000 0.000000 1.000000
0.957434 -0.062387 -0.281830 0.000400 0.012173 0.984222 -0.176517 10.717500 0.288395 0.165572 0.943087 -0.931100 0.000000 0.000000 0.000000 1.000000
0.947208 -0.071841 -0.312468 0.000400 0.019554 0.985703 -0.167353 10.717500 0.320023 0.152408 0.935071 -0.931100 0.000000 0.000000 0.000000 1.000000
0.940300 -0.082969 -0.330079 0.000400 0.030767 0.986582 -0.160343 10.717500 0.338953 0.140615 0.930236 -0.931100 0.000000 0.000000 0.000000 1.000000
0.932235 -0.086941 -0.351254 0.000400 0.032829 0.987025 -0.157177 10.717500 0.360362 0.134994 0.922993 -0.931100 0.000000 0.000000 0.000000 1.000000
0.921377 -0.086584 -0.378903 0.000400 0.031190 0.988198 -0.149970 10.717500 0.387417 0.126361 0.913204 -0.931100 0.000000 0.000000 0.000000 1.000000
0.910690 -0.084307 -0.404397 0.000400 0.029467 0.989717 -0.139973 10.717500 0.412039 0.115555 0.903809 -0.931100 0.000000 0.000000 0.000000 1.000000
0.901869 -0.081820 -0.424190 0.000400 0.029497 0.991272 -0.128487 10.717500 0.431001 0.103366 0.896412 -0.931100 0.000000 0.000000 0.000000 1.000000
0.896827 -0.077336 -0.435569 0.000400 0.029604 0.992886 -0.115333 10.717500 0.441389 0.090539 0.892736 -0.931100 0.000000 0.000000 0.000000 1.000000
0.896014 -0.066298 -0.439049 0.000400 0.023534 0.994491 -0.102144 10.717500 0.443403 0.081190 0.892638 -0.931100 0.000000 0.000000 0.000000 1.000000
0.895279 -0.055264 -0.442065 0.000400 0.015441 0.995529 -0.093181 10.717500 0.445238 0.076597 0.892130 -0.931100 0.000000 0.000000 0.000000 1.000000
0.892624 -0.050220 -0.447996 0.000400 0.011138 0.995929 -0.089451 10.717500 0.450664 0.074856 0.889550 -0.931100 0.000000 0.000000 0.000000 1.000000
0.888185 -0.049712 -0.456789 0.000400 0.010142 0.996009 -0.088676 10.717500 0.459374 0.074128 0.885144 -0.931100 0.000000 0.000000 0.000000 1.000000
0.886594 -0.050133 -0.459824 0.000400 0.009307 0.995841 -0.090628 10.717500 0.462456 0.076071 0.883373 -0.931100 0.000000 0.000000 0.000000 1.000000</float_array>
        <technique_common>
          <accessor source="#Spine-Matrix-animation-output-transform-array" count="72" stride="16">
            <param type="float4x4"/>
          </accessor>
        </technique_common>
      </source>
      <source id="Spine-Interpolations">
        <Name_array id="Spine-Interpolations-array" count="72">
 LINEAR LINEAR LINEAR LINEAR LINEAR LINEAR LINEAR LINEAR LINEAR LINEAR LINEAR
LINEAR LINEAR LINEAR LINEAR LINEAR LINEAR LINEAR LINEAR LINEAR LINEAR LINEAR LINEAR
LINEAR LINEAR LINEAR LINEAR LINEAR LINEAR LINEAR LINEAR LINEAR LINEAR LINEAR LINEAR
LINEAR LINEAR LINEAR LINEAR LINEAR LINEAR LINEAR LINEAR LINEAR LINEAR LINEAR LINEAR
LINEAR LINEAR LINEAR LINEAR LINEAR LINEAR LINEAR LINEAR LINEAR LINEAR LINEAR LINEAR
LINEAR LINEAR LINEAR LINEAR LINEAR LINEAR LINEAR LINEAR LINEAR LINEAR LINEAR LINEAR
LINEAR</Name_array>
        <technique_common>
          <accessor source="#Spine-Interpolations-array" count="72">
            <param type="name"/>
          </accessor>
        </technique_common>
      </source>
      <sampler id="Spine-Matrix-animation-transform">
        <input semantic="INPUT" source="#Spine-Matrix-animation-input"/>
        <input semantic="OUTPUT" source="#Spine-Matrix-animation-output-transform"/>
        <input semantic="INTERPOLATION" source="#Spine-Interpolations"/>
      </sampler>
      <channel source="#Spine-Matrix-animation-transform" target="Spine/matrix"/>
    </animation>
    <animation id="Spine1-anim" name="Spine1">
      <source id="Spine1-Matrix-animation-input">
        <float_array id="Spine1-Matrix-animation-input-array" count="72">

0.000000 0.033333 0.066667 0.100000 0.133333 0.166667 0.200000 0.233333 0.266667 0.300000 0.333333 0.366667 0.400000 0.433333 0.466667 0.500000
0.533333 0.566667 0.600000 0.633333 0.666667 0.700000 0.733333 0.766667 0.800000 0.833333 0.866667 0.900000 0.933333 0.966667 1.000000 1.033333
1.066667 1.100000 1.133333 1.166667 1.200000 1.233333 1.266667 1.300000 1.333333 1.366667 1.400000 1.433333 1.466667 1.500000 1.533333 1.566667
1.600000 1.633333 1.666667 1.700000 1.733333 1.766667 1.800000 1.833333 1.866667 1.900000 1.933333 1.966667 2.000000 2.033333 2.066667 2.100000
2.133333 2.166667 2.200000 2.233333 2.266667 2.300000 2.333333 2.366667</float_array>
        <technique_common>
          <accessor source="#Spine1-Matrix-animation-input-array" count="72">
            <param name="TIME" type="float"/>
          </accessor>
        </technique_common>
      </source>
      <source id="Spine1-Matrix-animation-output-transform">
        <float_array id="Spine1-Matrix-animation-output-transform-array" count="1152">

0.991237 -0.011313 -0.131610 -0.000000 0.012421 0.999894 0.007596 10.590700 0.131510 -0.009164 0.991272 -0.393000 0.000000 0.000000 0.000000 1.000000
0.991129 -0.010203 -0.132514 0.000000 0.011286 0.999909 0.007418 10.590700 0.132426 -0.008848 0.991153 -0.393000 0.000000 0.000000 0.000000 1.000000
0.990952 -0.009875 -0.133855 0.000000 0.010794 0.999923 0.006148 10.590700 0.133784 -0.007537 0.990982 -0.393000 0.000000 0.000000 0.000000 1.000000
0.990847 -0.009909 -0.134625 -0.000000 0.010569 0.999935 0.004188 10.590700 0.134574 -0.005572 0.990888 -0.393000 0.000000 0.000000 0.000000 1.000000
0.991103 -0.010070 -0.132716 0.000000 0.010445 0.999943 0.002130 10.590700 0.132687 -0.003497 0.991152 -0.393000 0.000000 0.000000 0.000000 1.000000
0.991590 -0.010504 -0.128991 -0.000000 0.010595 0.999944 0.000021 10.590700 0.128984 -0.001388 0.991646 -0.393000 0.000000 0.000000 0.000000 1.000000
0.992265 -0.010745 -0.123673 0.000000 0.010477 0.999941 -0.002821 10.590700 0.123696 0.001504 0.992319 -0.393000 0.000000 0.000000 0.000000 1.000000
0.993212 -0.010148 -0.115875 -0.000000 0.009559 0.999938 -0.005639 10.590700 0.115925 0.004493 0.993248 -0.393000 0.000000 0.000000 0.000000 1.000000
0.994394 -0.007804 -0.105453 -0.000000 0.007095 0.999950 -0.007094 10.590700 0.105503 0.006306 0.994399 -0.393000 0.000000 0.000000 0.000000 1.000000
0.995523 -0.004840 -0.094395 0.000000 0.004109 0.999960 -0.007936 10.590700 0.094429 0.007513 0.995503 -0.393000 0.000000 0.000000 0.000000 1.000000
0.996728 -0.001211 -0.080820 -0.000000 0.000346 0.999942 -0.010718 10.590700 0.080828 0.010655 0.996671 -0.393000 0.000000 0.000000 0.000000 1.000000
0.998122 0.004343 -0.061104 -0.000000 -0.005146 0.999902 -0.012998 10.590700 0.061042 0.013288 0.998047 -0.393000 0.000000 0.000000 0.000000 1.000000
0.999268 0.011185 -0.036594 0.000000 -0.011722 0.999826 -0.014494 10.590700 0.036425 0.014912 0.999225 -0.393000 0.000000 0.000000 0.000000 1.000000
0.999772 0.015355 -0.014823 -0.000000 -0.015632 0.999702 -0.018767 10.590700 0.014530 0.018994 0.999714 -0.393000 0.000000 0.000000 0.000000 1.000000
0.999866 0.016337 -0.001415 0.000000 -0.016366 0.999595 -0.023280 10.590700 0.001034 0.023300 0.999728 -0.393000 0.000000 0.000000 0.000000 1.000000
0.999822 0.017188 0.007766 0.000000 -0.016975 0.999497 -0.026788 10.590700 -0.008222 0.026651 0.999611 -0.393000 0.000000 0.000000 0.000000 1.000000
0.999649 0.021281 0.015797 0.000000 -0.020785 0.999306 -0.030920 10.590700 -0.016445 0.030581 0.999397 -0.393000 0.000000 0.000000 0.000000 1.000000
0.999446 0.022839 0.024211 0.000000 -0.022004 0.999172 -0.034223 10.590700 -0.024972 0.033671 0.999121 -0.393000 0.000000 0.000000 0.000000 1.000000
0.999268 0.017830 0.033853 -0.000000 -0.016643 0.999249 -0.035005 10.590700 -0.034452 0.034416 0.998814 -0.393000 0.000000 0.000000 0.000000 1.000000
0.998875 0.015518 0.044818 0.000000 -0.013874 0.999227 -0.036774 10.590700 -0.045354 0.036111 0.998318 -0.393000 0.000000 0.000000 0.000000 1.000000
0.998407 0.015243 0.054329 0.000000 -0.013145 0.999161 -0.038783 10.590700 -0.054874 0.038008 0.997770 -0.393000 0.000000 0.000000 0.000000 1.000000
0.997964 0.013797 0.062274 0.000000 -0.011338 0.999149 -0.039665 10.590700 -0.062768 0.038878 0.997271 -0.393000 0.000000 0.000000 0.000000 1.000000
0.997585 0.013628 0.068099 0.000000 -0.010885 0.999120 -0.040494 10.590700 -0.068591 0.039655 0.996856 -0.393000 0.000000 0.000000 0.000000 1.000000
0.997319 0.013367 0.071944 0.000000 -0.010402 0.999087 -0.041435 10.590700 -0.072432 0.040575 0.996548 -0.393000 0.000000 0.000000 0.000000 1.000000
0.996941 0.012429 0.077169 -0.000000 -0.009152 0.999047 -0.042676 10.590700 -0.077625 0.041839 0.996104 -0.393000 0.000000 0.000000 0.000000 1.000000
0.996539 0.010926 0.082406 0.000000 -0.007340 0.999018 -0.043702 10.590700 -0.082803 0.042946 0.995640 -0.393000 0.000000 0.000000 0.000000 1.000000
0.996126 0.008025 0.087573 -0.000000 -0.004172 0.999019 -0.044084 10.590700 -0.087841 0.043548 0.995182 -0.393000 0.000000 0.000000 0.000000 1.000000
0.995583 0.006642 0.093650 0.000000 -0.002566 0.999047 -0.043583 10.590700 -0.093850 0.043150 0.994651 -0.393000 0.000000 0.000000 0.000000 1.000000
0.995009 0.007654 0.099493 0.000000 -0.003414 0.999081 -0.042720 10.590700 -0.099729 0.042167 0.994121 -0.393000 0.000000 0.000000 0.000000 1.000000
0.994654 0.009162 0.102855 0.000000 -0.004869 0.999109 -0.041915 10.590700 -0.103148 0.041190 0.993813 -0.393000 0.000000 0.000000 0.000000 1.000000
0.994600 0.009693 0.103331 0.000000 -0.005474 0.999143 -0.041036 10.590700 -0.103641 0.040248 0.993800 -0.393000 0.000000 0.000000 0.000000 1.000000
0.994711 0.009043 0.102311 0.000000 -0.004932 0.999173 -0.040362 10.590700 -0.102592 0.039644 0.993933 -0.393000 0.000000 0.000000 0.000000 1.000000
0.994868 0.007984 0.100870 0.000000 -0.003982 0.999199 -0.039813 10.590700 -0.101107 0.039207 0.994103 -0.393000 0.000000 0.000000 0.000000 1.000000
0.995038 0.006885 0.099261 -0.000000 -0.002980 0.999218 -0.039432 10.590700 -0.099455 0.038941 0.994280 -0.393000 0.000000 0.000000 0.000000 1.000000
0.995185 0.006136 0.097823 0.000000 -0.002293 0.999223 -0.039354 10.590700 -0.097989 0.038940 0.994425 -0.393000 0.000000 0.000000 0.000000 1.000000
0.995263 0.006318 0.097017 0.000000 -0.002460 0.999203 -0.039831 10.590700 -0.097192 0.039403 0.994485 -0.393000 0.000000 0.000000 0.000000 1.000000
0.995235 0.007343 0.097228 0.000000 -0.003394 0.999165 -0.040715 10.590700 -0.097446 0.040191 0.994429 -0.393000 0.000000 0.000000 0.000000 1.000000
0.995122 0.008459 0.098293 0.000000 -0.004422 0.999141 -0.041214 10.590700 -0.098557 0.040579 0.994304 -0.393000 0.000000 0.000000 0.000000 1.000000
0.994977 0.007741 0.099806 0.000000 -0.003703 0.999169 -0.040580 10.590700 -0.100038 0.040006 0.994179 -0.393000 0.000000 0.000000 0.000000 1.000000
0.994988 0.006480 0.099784 -0.000000 -0.002426 0.999168 -0.040700 10.590700 -0.099965 0.040254 0.994176 -0.393000 0.000000 0.000000 0.000000 1.000000
0.995200 0.007798 0.097547 0.000000 -0.003743 0.999124 -0.041686 10.590700 -0.097787 0.041120 0.994358 -0.393000 0.000000 0.000000 0.000000 1.000000
0.995554 0.012574 0.093351 0.000000 -0.008725 0.999099 -0.041531 10.590700 -0.093789 0.040532 0.994767 -0.393000 0.000000 0.000000 0.000000 1.000000
0.995873 0.014871 0.089533 0.000000 -0.011210 0.999086 -0.041254 10.590700 -0.090064 0.040080 0.995129 -0.393000 0.000000 0.000000 0.000000 1.000000
0.996147 0.010597 0.087058 0.000000 -0.006861 0.999047 -0.043104 10.590700 -0.087432 0.042341 0.995270 -0.393000 0.000000 0.000000 0.000000 1.000000
0.996523 0.009685 0.082756 0.000000 -0.006130 0.999052 -0.043094 10.590700 -0.083095 0.042437 0.995638 -0.393000 0.000000 0.000000 0.000000 1.000000
0.997091 0.008605 0.075735 0.000000 -0.005579 0.999181 -0.040087 10.590700 -0.076018 0.039548 0.996322 -0.393000 0.000000 0.000000 0.000000 1.000000
0.997692 0.005135 0.067704 -0.000000 -0.002615 0.999302 -0.037270 10.590700 -0.067848 0.037007 0.997009 -0.393000 0.000000 0.000000 0.000000 1.000000
0.998172 0.003534 0.060336 0.000000 -0.001297 0.999312 -0.037077 10.590700 -0.060426 0.036931 0.997489 -0.393000 0.000000 0.000000 0.000000 1.000000
0.998698 -0.000195 0.051008 0.000000 0.002052 0.999337 -0.036351 10.590700 -0.050967 0.036408 0.998036 -0.393000 0.000000 0.000000 0.000000 1.000000
0.999281 -0.005308 0.037540 0.000000 0.006588 0.999398 -0.034066 10.590700 -0.037336 0.034289 0.998714 -0.393000 0.000000 0.000000 0.000000 1.000000
0.999715 -0.010158 0.021591 -0.000000 0.010852 0.999420 -0.032285 10.590700 -0.021250 0.032510 0.999245 -0.393000 0.000000 0.000000 0.000000 1.000000
0.999875 -0.014114 0.007188 0.000000 0.014340 0.999372 -0.032412 10.590700 -0.006726 0.032511 0.999449 -0.393000 0.000000 0.000000 0.000000 1.000000
0.999857 -0.016604 -0.003155 0.000000 0.016487 0.999287 -0.033955 10.590700 0.003716 0.033898 0.999418 -0.393000 0.000000 0.000000 0.000000 1.000000
0.999734 -0.019872 -0.011731 -0.000000 0.019471 0.999252 -0.033406 10.590700 0.012386 0.033169 0.999373 -0.393000 0.000000 0.000000 0.000000 1.000000
0.999516 -0.023674 -0.020203 0.000000 0.023026 0.999231 -0.031721 10.590700 0.020939 0.031240 0.999293 -0.393000 0.000000 0.000000 0.000000 1.000000
0.999258 -0.024414 -0.029785 0.000000 0.023497 0.999250 -0.030773 10.590700 0.030514 0.030050 0.999083 -0.393000 0.000000 0.000000 0.000000 1.000000
0.998874 -0.023045 -0.041461 0.000000 0.021857 0.999344 -0.028890 10.590700 0.042100 0.027951 0.998722 -0.393000 0.000000 0.000000 0.000000 1.000000
0.998274 -0.021833 -0.054528 -0.000000 0.020432 0.999450 -0.026117 10.590700 0.055068 0.024958 0.998171 -0.393000 0.000000 0.000000 0.000000 1.000000
0.997468 -0.020905 -0.067979 0.000000 0.019375 0.999546 -0.023088 10.590700 0.068431 0.021712 0.997420 -0.393000 0.000000 0.000000 0.000000 1.000000
0.996511 -0.020791 -0.080825 0.000000 0.019213 0.999610 -0.020256 10.590700 0.081215 0.018632 0.996522 -0.393000 0.000000 0.000000 0.000000 1.000000
0.995756 -0.019379 -0.089972 0.000000 0.017865 0.999685 -0.017606 10.590700 0.090285 0.015924 0.995789 -0.393000 0.000000 0.000000 0.000000 1.000000
0.995277 -0.015268 -0.095865 0.000000 0.013851 0.999785 -0.015423 10.590700 0.096080 0.014022 0.995275 -0.393000 0.000000 0.000000 0.000000 1.000000
0.994638 -0.017162 -0.101988 -0.000000 0.016025 0.999800 -0.011963 10.590700 0.102173 0.010264 0.994714 -0.393000 0.000000 0.000000 0.000000 1.000000
0.993748 -0.021112 -0.109629 0.000000 0.020374 0.999762 -0.007848 10.590700 0.109769 0.005565 0.993942 -0.393000 0.000000 0.000000 0.000000 1.000000
0.992933 -0.020331 -0.116923 0.000000 0.020003 0.999792 -0.003979 10.590700 0.116979 0.001612 0.993133 -0.393000 0.000000 0.000000 0.000000 1.000000
0.992267 -0.019455 -0.122585 -0.000000 0.019654 0.999807 0.000420 10.590700 0.122553 -0.002826 0.992458 -0.393000 0.000000 0.000000 0.000000 1.000000
0.991884 -0.019273 -0.125673 0.000000 0.019946 0.999793 0.004095 10.590700 0.125568 -0.006569 0.992063 -0.393000 0.000000 0.000000 0.000000 1.000000
0.991850 -0.017763 -0.126169 0.000000 0.018776 0.999800 0.006849 10.590700 0.126022 -0.009162 0.991985 -0.393000 0.000000 0.000000 0.000000 1.000000
0.991832 -0.015516 -0.126605 0.000000 0.016736 0.999823 0.008583 10.590700 0.126449 -0.010632 0.991916 -0.393000 0.000000 0.000000 0.000000 1.000000
0.991648 -0.013660 -0.128246 -0.000000 0.014949 0.999847 0.009092 10.590700 0.128102 -0.010933 0.991701 -0.393000 0.000000 0.000000 0.000000 1.000000
0.991307 -0.012461 -0.130979 0.000000 0.013723 0.999868 0.008731 10.590700 0.130853 -0.010453 0.991347 -0.393000 0.000000 0.000000 0.000000 1.000000
0.991184 -0.012037 -0.131946 -0.000000 0.013238 0.999878 0.008230 10.590700 0.131831 -0.009904 0.991223 -0.393000 0.000000 0.000000 0.000000 1.000000</float_array>
        <technique_common>
          <accessor source="#Spine1-Matrix-animation-output-transform-array" count="72" stride="16">
            <param type="float4x4"/>
          </accessor>
        </technique_common>
      </source>
      <source id="Spine1-Interpolations">
        <Name_array id="Spine1-Interpolations-array" count="72">
 LINEAR LINEAR LINEAR LINEAR LINEAR LINEAR LINEAR LINEAR LINEAR LINEAR LINEAR
LINEAR LINEAR LINEAR LINEAR LINEAR LINEAR LINEAR LINEAR LINEAR LINEAR LINEAR LINEAR
LINEAR LINEAR LINEAR LINEAR LINEAR LINEAR LINEAR LINEAR LINEAR LINEAR LINEAR LINEAR
LINEAR LINEAR LINEAR LINEAR LINEAR LINEAR LINEAR LINEAR LINEAR LINEAR LINEAR LINEAR
LINEAR LINEAR LINEAR LINEAR LINEAR LINEAR LINEAR LINEAR LINEAR LINEAR LINEAR LINEAR
